                                                                                                                                                                                                                                   0 0 0 0 0 0 0                 
       4 4 4 4 4               4 4 4 4         4 4 4 4 4 4 4 4 4 4 4               4 4 4 4               4 4 4 4 4 4 4 4 4                   4 4 4 4 4             4 4 4 4 4       4 4 4 4 4 4 4 4 4                             0 0 0 0 0 0 0 0 0 0             
       0 0 0 0 0             2 0 0 0 0         0 0 0 0 0 0 0 0 0 0 0             2 0 0 0 0               0 0 0 0 0 0 0 0 0 0 0 0 4           0 0 0 0 0             0 0 0 0 0       0 0 0 0 0 0 0 0 0 0 0 0 0                     0 7 7 7 7 7 7 7 7 0 0           
       0 0 0 0 0             2 0 0 0 0         0 0 0 0 0 0 0 0 0 0 0             0 0 0 0 0               0 0 0 0 0 0 0 0 0 0 0 0 0           0 0 0 0 0             0 0 0 0 0       0 0 0 0 0 0 0 0 0 0 0 0 0 0                 0 7 7 7 7 7 7 7 7 7 7 0 0         
       0 0 0 0 0             2 0 0 0 0         0 0 0 0 0 0 0 0 0 0 0             0 0 0 0 0               0 0 0 0 0 0 0 0 0 0 0 0 0 0         0 0 0 0 0             0 0 0 0 0       0 0 0 0 0 0 0 0 0 0 0 0 0 0                 0 7 6 0 0 0 7 7 7 7 7 7 0         
       0 0 0 0 0             2 0 0 0 0         0 0 0 0 0 0 0 0 0 0 0             0 0 0 0 0 0             0 0 0 0 0 0 0 0 0 0 0 0 0 0         0 0 0 0 0             0 0 0 0 0       0 0 0 0 0 0 0 0 0 0 0 0 0 0 0             0 6 0 0 0 0 0 0 0 7 7 7 7 0         
       0 0 0 0 0             2 0 0 0 0         0 0 0 0                         4 0 0 0 0 0 0             0 0 0 0             0 0 0 0 0       0 0 0 0 0             0 0 0 0 0       0 0 0 0 0           0 0 0 0 0             0 0 0 0 0 0 0 0 0 7 7 7 7 0         
       0 0 0 0 0             2 0 0 0 0         0 0 0 0                         0 0 0 0 0 0 0             0 0 0 0             0 0 0 0 0       0 0 0 0 0             0 0 0 0 0       0 0 0 0 0           0 0 0 0 0             0 0 0 7 7 0 0 0 0 7 7 7 7 0         
       0 0 0 0 0             2 0 0 0 0         0 0 0 0                         0 0 0 0 0 0 0             0 0 0 0             0 0 0 0 0       0 0 0 0 0             0 0 0 0 0       0 0 0 0 0           0 0 0 0 0             4 0 0 7 7 0 0 0 0 5 7 7 7 0         
       0 0 0 0 0             2 0 0 0 0         0 0 0 0                         0 0 0 0 0 0 0 1           0 0 0 0             0 0 0 0 0       0 0 0 0 0             0 0 0 0 0       0 0 0 0 0           0 0 0 0 0             0 0 7 7 7 0 0 7 7 7 7 7 7 0         
       0 0 0 0 0             2 0 0 0 0         0 0 0 0                         0 0 0 0 0 0 0 0           0 0 0 0             0 0 0 0 0       0 0 0 0 0             0 0 0 0 0       0 0 0 0 0           0 0 0 0 0           0 0 7 7 7 7 0 7 7 7 7 7 7 7 0         
       0 0 0 0 0             2 0 0 0 0         0 0 0 0                       4 0 0 0 0 0 0 0 0           0 0 0 0             0 0 0 0 0       0 0 0 0 0             0 0 0 0 0       0 0 0 0 0           0 0 0 0 0         0 0 7 7 7 7 0 7 7 7 7 7 7 7 7 0         
       0 0 0 0 0             2 0 0 0 0         0 0 0 0                       0 0 0 0 2 0 0 0 0           0 0 0 0             0 0 0 0 0       0 0 0 0 0             0 0 0 0 0       0 0 0 0 0           0 0 0 0 0       0 0 7 7 7 7 7 6 7 7 7 7 7 13 7 7 0         
       0 0 0 0 0             2 0 0 0 0         0 0 0 0                       0 0 0 0   0 0 0 0 2         0 0 0 0             0 0 0 0 0       0 0 0 0 0             0 0 0 0 0       0 0 0 0 0           0 0 0 0 0     0 0 7 7 7 7 7 7 7 7 7 7 7 7 0 7 7 0         
       0 0 0 0 0             2 0 0 0 0         0 0 0 0                       0 0 0 0   0 0 0 0 0         0 0 0 0             0 0 0 0 0       0 0 0 0 0             0 0 0 0 0       0 0 0 0 0           0 0 0 0 0   0 1 6 6 7 7 7 7 7 7 7 7 7 7 7 1 7 7 0         
       0 0 0 0 0             2 0 0 0 0         0 0 0 0                       0 0 0 0   2 0 0 0 0         0 0 0 0             0 0 0 0 0       0 0 0 0 0             0 0 0 0 0       0 0 0 0 0           0 0 0 0 0   0 0 0 0 0 0 0 7 7 7 7 7 7 7 7 13 7 7 0         
       0 0 0 0 0 0 0 0 0 0 0 0 0 0 0 0         0 0 0 0 0 0 0 0 0 0 4       0 0 0 0 0     0 0 0 0         0 0 0 0             0 0 0 0 0       0 0 0 0 0             0 0 0 0 0       0 0 0 0 0           0 0 0 0 0   0 0 0 0 0 0 0 0 7 7 7 7 0 7 7 7 7 7 0         
       0 0 0 0 0 0 0 0 0 0 0 0 0 0 0 0         0 0 0 0 0 0 0 0 0 0 4       0 0 0 0 4     0 0 0 0         0 0 0 0             0 0 0 0 0       0 0 0 0 0             0 0 0 0 0       0 0 0 0 0           0 0 0 0 0     0 0 0 0 0 0 7 7 7 7 7 0 7 5 7 7 7 0         
       0 0 0 0 0 0 0 0 0 0 0 0 0 0 0 0         0 0 0 0 0 0 0 0 0 0 4       0 0 0 0       0 0 0 0 2       0 0 0 0             0 0 0 0 0       0 0 0 0 0             0 0 0 0 0       0 0 0 0 0           0 0 0 0 0       0 7 7 7 7 7 7 7 7 7 6 7 0 7 7 7 0         
       0 0 0 0 0 0 0 0 0 0 0 0 0 0 0 0         0 0 0 0 0 0 0 0 0 0 4       0 0 0 0       0 0 0 0 0       0 0 0 0             0 0 0 0 0       0 0 0 0 0             0 0 0 0 0       0 0 0 0 0 0 0 0 0 0 0 0 0 0 0       0 6 13 1 1 7 7 7 7 0 7 7 0 7 7 7 0         
       0 0 0 0 0             2 0 0 0 0         0 0 0 0                     0 0 0 0       2 0 0 0 0       0 0 0 0             0 0 0 0 0       0 0 0 0 0             0 0 0 0 0       0 0 0 0 0 0 0 0 0 0 0 0 0 0         0 7 7 7 7 7 7 7 7 0 7 7 0 0 7 7 0         
       0 0 0 0 0             2 0 0 0 0         0 0 0 0                   0 0 0 0 0         0 0 0 0       0 0 0 0             0 0 0 0 0       0 0 0 0 0             0 0 0 0 0       0 0 0 0 0 0 0 0 0 0 0 0 0 0         0 0 0 0 0 7 7 7 7 0 7 7 6 0 0 0 2         
       0 0 0 0 0             2 0 0 0 0         0 0 0 0                   0 0 0 0 0         0 0 0 0 4     0 0 0 0             0 0 0 0 0       0 0 0 0 0             0 0 0 0 0       0 0 0 0 0 0 0 0 0 0 0 0 0           0 0 7 7 7 7 7 7 0 0 0 7 7 0 0             
       0 0 0 0 0             2 0 0 0 0         0 0 0 0                   0 0 0 0           0 0 0 0 0     0 0 0 0             0 0 0 0 0       0 0 0 0 0             0 0 0 0 0       0 0 0 0 0 0 0 0 0 1 4               0 7 7 7 7 7 7 7 0 0 0 7 7 0 0             
       0 0 0 0 0             2 0 0 0 0         0 0 0 0                   0 0 0 0           0 0 0 0 0     0 0 0 0             0 0 0 0 0       0 0 0 0 0             0 0 0 0 0       0 0 0 0 0                         0 7 7 7 7 7 7 7 6 0 0 0 7 7 7 0             
       0 0 0 0 0             2 0 0 0 0         0 0 0 0                 0 0 0 0 0           0 0 0 0 0     0 0 0 0             0 0 0 0 0       0 0 0 0 0             0 0 0 0 0       0 0 0 0 0                         0 7 7 7 7 7 7 7 0 0 0 0 1 7 7 0             
       0 0 0 0 0             2 0 0 0 0         0 0 0 0                 0 0 0 0 0             0 0 0 0     0 0 0 0             0 0 0 0 0       0 0 0 0 0             0 0 0 0 0       0 0 0 0 0                         5 7 7 7 7 7 7 7 0 0 0 7 7 7 7 0 2           
       0 0 0 0 0             2 0 0 0 0         0 0 0 0                 0 0 0 0 0             0 0 0 0 2   0 0 0 0             0 0 0 0 0       0 0 0 0 0             0 0 0 0 0       0 0 0 0 0                       0 7 7 7 7 7 7 7 0 0 7 7 7 7 7 0 0 0           
       0 0 0 0 0             2 0 0 0 0         0 0 0 0                 0 0 0 0               0 0 0 0 0   0 0 0 0             0 0 0 0 0       0 0 0 0 0             0 0 0 0 0       0 0 0 0 0                       0 7 7 7 7 7 7 7 7 7 7 7 0 0 6 7 7 0           
       0 0 0 0 0             2 0 0 0 0         0 0 0 0                 0 0 0 0               0 0 0 0 0   0 0 0 0             0 0 0 0 0       0 0 0 0 0             0 0 0 0 0       0 0 0 0 0                       0 7 7 7 7 7 7 7 7 7 0 0 0 0 7 7 7 0           
       0 0 0 0 0             2 0 0 0 0         0 0 0 0               0 0 0 0 0               0 0 0 0 0   0 0 0 0             0 0 0 0 0       0 0 0 0 0             0 0 0 0 0       0 0 0 0 0                     2 0 0 0 0 0 0 6 7 0 0 0 0 7 7 7 7 7 0 0         
       0 0 0 0 0             2 0 0 0 0         0 0 0 0               0 0 0 0 0                 0 0 0 0   0 0 0 0             0 0 0 0 0       2 0 0 0 0 0         0 0 0 0 0 0       0 0 0 0 0                             0 0 0 0 0 0 0 0 0 7 7 7 7 7 7 7 0 2     
       0 0 0 0 0             2 0 0 0 0         0 0 0 0 0 0 0 0 0 0 0 0 0 0 0 0                 0 0 0 0 0 0 0 0 0 0 0 0 0 0 0 0 0 0 0 0         0 0 0 0 0 0 0 0 0 0 0 0 0 0         0 0 0 0 0                             0 0 0 0 0 0 0 0 7 7 7 7 7 7 7 7 7 0 0   
       0 0 0 0 0             2 0 0 0 0         0 0 0 0 0 0 0 0 0 0 0 0 0 0 0 2                 0 0 0 0 0 0 0 0 0 0 0 0 0 0 0 0 0 0 0           0 0 0 0 0 0 0 0 0 0 0 0 0 0         0 0 0 0 0                           2 0 0 0 0 0 0 0 0 7 7 7 7 7 7 7 7 7 7 0 0 
       0 0 0 0 0             2 0 0 0 0         0 0 0 0 0 0 0 0 0 0 0 0 0 0 0                   0 0 0 0 0 0 0 0 0 0 0 0 0 0 0 0 0 0 0             0 0 0 0 0 0 0 0 0 0 0 0           0 0 0 0 0                         0 0 0 0 0 0 0 0 0 7 7 7 7 7 7 7 7 7 7 7 7 0 
       0 0 0 0 0             2 0 0 0 0         0 0 0 0 0 0 0 0 0 0 0 0 0 0 0                   2 0 0 0 0 0 0 0 0 0 0 0 0 0 0 0 0                   0 0 0 0 0 0 0 0 0 0             0 0 0 0 0                     0 0 0 0 0 0 0 0 0 0 0 7 7 7 7 7 7 7 7 7 7 7 7 0 
                                                                                                                                                                                                                 0 0 0 0 0 0 0 0 0 0 0 0 0 0 0 0 0 0 0 0 0 0 0 0 
